104 30
104 65
104 67
103 67
56 55
56 10
102 86
102 93
102 96
102 94
34 37
34 44
34 12
34 35
34 39
34 33
34 10
2 58
2 85
2 7
2 31
2 28
2 29
2 4
61 101
61 66
61 93
61 97
61 84
61 72
61 100
61 73
61 86
61 76
61 89
57 58
57 3
57 31
57 49
57 11
57 76
57 48
57 8
57 20
69 68
69 58
69 85
69 14
69 66
69 50
69 64
69 77
69 49
69 30
69 52
69 7
69 65
69 67
95 94
95 96
95 83
95 66
95 92
95 98
95 86
95 75
95 99
95 73
95 82
95 30
95 84
95 97
95 71
95 100
95 74
95 93
95 31
95 89
95 72
52 27
52 85
52 30
52 47
52 41
52 12
52 70
52 11
52 69
52 20
52 49
52 58
52 45
52 50
52 24
52 7
52 9
52 67
52 14
52 8
52 66
52 48
52 77
52 64
52 3
52 68
51 67
51 14
51 30
51 65
51 70
51 85
51 77
51 64
51 9
51 58
46 9
46 44
46 22
46 41
46 18
46 32
46 27
46 33
46 20
46 47
46 8
46 37
46 26
46 55
46 39
46 10
46 54
46 15
46 12
46 11
46 40
46 23
46 38
46 21
46 43
46 14
46 6
46 35
46 17
46 24
46 42
46 13
46 36
46 45
90 96
90 70
90 97
90 84
90 31
90 60
90 91
90 62
90 76
90 67
90 86
90 73
90 88
90 89
90 30
90 66
90 85
90 72
90 100
90 71
90 75
90 49
90 78
90 80
90 82
90 74
90 79
90 63
90 64
90 93
90 28
90 87
29 28
29 5
29 4
29 44
29 1
29 27
29 32
29 2
29 17
29 26
29 50
29 21
29 10
29 20
29 42
29 13
29 40
29 11
29 9
29 22
29 6
29 45
29 7
29 8
29 18
29 47
29 12
29 14
29 43
85 2
85 69
85 96
85 68
85 52
85 51
85 97
85 6
85 5
85 64
85 93
85 7
85 66
85 67
85 30
85 89
85 76
85 50
85 79
85 58
85 87
85 82
85 78
85 49
85 86
85 74
85 100
85 71
85 72
85 90
85 99
85 70
85 75
85 92
85 84
85 80
85 91
85 88
85 14
85 73
65 67
65 50
65 104
65 69
65 30
65 7
65 49
65 51
65 64
65 66
65 14
65 58
77 92
77 69
77 64
77 4
77 78
77 49
77 75
77 66
77 7
77 76
77 53
77 82
77 79
77 50
77 30
77 99
77 70
77 68
77 84
77 58
77 71
77 86
77 52
77 74
77 83
77 72
77 80
77 51
77 31
77 14
77 73
77 93
77 67
77 91
70 68
70 51
70 49
70 52
70 64
70 85
70 99
70 72
70 88
70 87
70 28
70 86
70 83
70 96
70 82
70 58
70 84
70 97
70 74
70 92
70 76
70 91
70 4
70 75
70 78
70 93
70 71
70 100
70 30
70 89
70 90
70 31
70 77
70 66
70 7
70 80
70 79
70 73
81 80
81 78
81 93
81 66
81 73
81 94
81 88
81 100
81 76
81 72
81 101
81 62
81 75
81 84
81 86
81 99
81 82
81 83
81 96
81 89
81 79
81 87
81 74
7 2
7 22
7 72
7 1
7 31
7 74
7 79
7 99
7 12
7 76
7 67
7 30
7 10
7 69
7 70
7 11
7 82
7 58
7 29
7 65
7 6
7 93
7 52
7 85
7 26
7 84
7 25
7 83
7 75
7 18
7 77
7 73
7 14
7 4
7 86
7 9
7 68
7 64
7 5
7 80
7 78
19 58
19 55
19 20
19 21
19 9
19 38
19 14
19 13
19 0
19 18
19 17
19 76
19 5
19 75
19 16
19 3
19 10
19 39
19 23
19 24
19 1
19 37
19 11
19 22
19 6
19 12
19 27
19 25
19 26
19 33
19 15
19 31
64 50
64 90
64 51
64 80
64 85
64 65
64 99
64 70
64 86
64 72
64 7
64 66
64 67
64 96
64 100
64 97
64 9
64 68
64 58
64 30
64 89
64 74
64 88
64 84
64 14
64 73
64 93
64 76
64 69
64 52
64 75
64 49
64 77
63 90
63 30
63 84
63 93
63 100
63 74
63 73
63 99
55 56
55 19
55 44
55 16
55 37
55 8
55 21
55 33
55 36
55 18
55 41
55 12
55 13
55 39
55 10
55 23
55 6
55 32
55 38
55 9
55 24
55 40
55 11
55 14
55 17
55 46
80 81
80 68
80 88
80 49
80 75
80 92
80 58
80 78
80 99
80 70
80 86
80 72
80 84
80 97
80 64
80 93
80 96
80 67
80 83
80 28
80 87
80 74
80 4
80 91
80 79
80 30
80 89
80 90
80 31
80 100
80 71
80 76
80 85
80 82
80 77
80 66
80 7
58 19
58 2
58 57
58 12
58 48
58 75
58 11
58 70
58 99
58 85
58 66
58 7
58 69
58 30
58 74
58 52
58 51
58 80
58 77
58 5
58 64
58 65
58 6
58 93
58 86
58 82
58 76
58 20
58 79
58 8
58 67
58 83
58 9
58 68
58 31
58 14
58 73
58 25
58 84
58 4
6 31
6 30
6 35
6 85
6 28
6 38
6 19
6 46
6 17
6 1
6 41
6 44
6 21
6 7
6 5
6 14
6 23
6 16
6 55
6 24
6 71
6 12
6 25
6 54
6 9
6 22
6 15
6 33
6 4
6 32
6 47
6 18
6 10
6 39
6 29
6 0
6 58
6 13
6 8
6 37
6 40
6 11
78 81
78 4
78 99
78 70
78 80
78 68
78 88
78 71
78 84
78 76
78 49
78 74
78 85
78 72
78 82
78 77
78 86
78 87
78 28
78 98
78 66
78 7
78 30
78 89
78 83
78 91
78 75
78 79
78 31
78 90
78 92
78 73
18 7
18 46
18 36
18 23
18 20
18 13
18 10
18 29
18 55
18 44
18 22
18 19
18 16
18 3
18 32
18 21
18 8
18 25
18 54
18 38
18 9
18 12
18 41
18 1
18 27
18 11
18 40
18 0
18 14
18 15
18 6
18 4
18 33
18 39
18 5
18 24
18 17
18 47
18 26
54 21
54 23
54 38
54 41
54 10
54 39
54 20
54 24
54 40
54 11
54 17
54 46
54 47
54 18
54 15
54 44
54 13
54 42
54 35
54 6
54 9
54 12
54 37
54 8
54 33
54 22
54 45
54 3
54 32
54 36
54 25
54 14
54 26
87 92
87 85
87 70
87 74
87 79
87 62
87 91
87 80
87 72
87 101
87 60
87 90
87 31
87 76
87 84
87 78
87 49
87 73
87 99
87 71
87 100
87 97
87 86
87 28
87 96
87 81
87 66
87 82
87 94
87 89
87 30
87 88
87 75
0 10
0 31
0 9
0 4
0 11
0 13
0 22
0 14
0 15
0 26
0 16
0 3
0 23
0 20
0 17
0 12
0 25
0 19
0 6
0 21
0 24
0 27
0 18
94 98
94 95
94 66
94 79
94 93
94 99
94 81
94 92
94 62
94 87
94 88
94 86
94 97
94 102
94 73
94 76
94 84
94 60
94 89
94 31
94 83
94 96
94 75
94 82
94 71
94 100
94 74
94 101
94 72
89 98
89 101
89 92
89 100
89 95
89 78
89 91
89 70
89 76
89 84
89 74
89 67
89 96
89 93
89 64
89 82
89 94
89 66
89 83
89 73
89 99
89 60
89 86
89 62
89 28
89 87
89 97
89 72
89 85
89 79
89 30
89 80
89 81
89 71
89 49
89 75
89 31
89 90
89 61
91 98
91 77
91 76
91 83
91 70
91 99
91 86
91 73
91 100
91 71
91 28
91 87
91 74
91 82
91 88
91 49
91 78
91 72
91 101
91 80
91 84
91 75
91 85
91 89
91 90
91 31
91 96
91 62
91 4
91 66
91 79
98 72
98 101
98 94
98 75
98 31
98 89
98 97
98 88
98 30
98 92
98 73
98 86
98 99
98 96
98 83
98 74
98 71
98 100
98 95
98 66
98 79
98 78
98 91
98 62
98 93
98 82
92 77
92 84
92 82
92 93
92 87
92 28
92 86
92 66
92 95
92 99
92 70
92 73
92 96
92 49
92 78
92 85
92 72
92 74
92 88
92 100
92 79
92 83
92 98
92 97
92 76
92 31
92 30
92 89
92 94
92 80
92 75
25 14
25 8
25 22
25 11
25 20
25 45
25 19
25 4
25 15
25 44
25 18
25 47
25 24
25 53
25 0
25 58
25 39
25 10
25 17
25 3
25 7
25 6
25 35
25 40
25 1
25 42
25 13
25 5
25 9
25 16
25 54
25 26
25 21
25 41
25 12
25 23
25 27
50 64
50 8
50 65
50 30
50 26
50 45
50 21
50 68
50 10
50 13
50 29
50 14
50 24
50 22
50 9
50 27
50 85
50 52
50 47
50 12
50 41
50 17
50 11
50 69
50 20
50 49
50 48
50 77
76 48
76 4
76 61
76 57
76 68
76 9
76 92
76 64
76 101
76 81
76 96
76 80
76 60
76 49
76 73
76 19
76 78
76 94
76 72
76 84
76 97
76 71
76 100
76 58
76 86
76 87
76 28
76 99
76 70
76 90
76 31
76 82
76 89
76 30
76 88
76 7
76 66
76 75
76 85
76 77
76 93
76 62
76 91
76 83
76 20
76 79
76 74
76 67
93 102
93 81
93 59
93 96
93 97
93 61
93 74
93 94
93 84
93 62
93 77
93 86
93 67
93 28
93 85
93 95
93 83
93 100
93 71
93 60
93 90
93 31
93 99
93 70
93 73
93 82
93 63
93 4
93 89
93 30
93 88
93 79
93 76
93 92
93 75
93 101
93 72
93 98
93 66
93 7
93 80
93 64
93 58
68 70
68 73
68 69
68 76
68 85
68 80
68 64
68 82
68 30
68 77
68 49
68 78
68 52
68 58
68 7
68 74
68 83
68 75
68 50
68 79
68 72
68 14
68 67
71 6
71 5
71 84
71 83
71 78
71 49
71 91
71 88
71 75
71 77
71 76
71 28
71 87
71 74
71 100
71 73
71 82
71 72
71 79
71 95
71 66
71 89
71 90
71 31
71 93
71 86
71 97
71 99
71 70
71 94
71 80
71 85
71 96
71 98
67 51
67 65
67 104
67 103
67 69
67 77
67 68
67 75
67 99
67 83
67 85
67 89
67 30
67 88
67 79
67 7
67 66
67 97
67 84
67 74
67 100
67 64
67 93
67 52
67 28
67 86
67 4
67 73
67 96
67 58
67 80
67 31
67 90
67 76
67 82
67 72
28 6
28 72
28 67
28 96
28 93
28 76
28 70
28 99
28 100
28 71
28 92
28 5
28 79
28 82
28 86
28 75
28 29
28 88
28 73
28 89
28 2
28 31
28 90
28 97
28 80
28 84
28 87
28 78
28 91
28 74
28 66
48 11
48 52
48 58
48 50
48 13
48 9
48 8
48 76
48 47
48 14
48 27
48 45
48 31
48 57
48 49
48 20
48 41
48 12
48 24
41 27
41 46
41 55
41 52
41 54
41 42
41 53
41 38
41 13
41 25
41 6
41 20
41 49
41 43
41 14
41 26
41 40
41 11
41 37
41 8
41 12
41 32
41 3
41 23
41 22
41 48
41 9
41 21
41 50
41 47
41 18
41 33
41 15
41 44
41 10
41 39
41 17
41 24
41 45
41 35
100 83
100 63
100 74
100 59
100 61
100 81
100 92
100 85
100 64
100 93
100 89
100 30
100 88
100 82
100 67
100 96
100 71
100 84
100 66
100 95
100 101
100 72
100 73
100 60
100 90
100 31
100 99
100 70
100 86
100 87
100 28
100 76
100 80
100 91
100 62
100 98
100 94
100 79
100 75
12 34
12 50
12 27
12 58
12 35
12 52
12 21
12 42
12 20
12 43
12 19
12 22
12 48
12 25
12 49
12 26
12 1
12 29
12 16
12 46
12 4
12 37
12 40
12 11
12 54
12 41
12 38
12 9
12 17
12 39
12 10
12 33
12 8
12 47
12 18
12 23
12 36
12 7
12 32
12 3
12 24
12 53
12 15
12 44
12 13
12 55
12 5
12 45
12 6
12 14
12 0
9 46
9 58
9 7
9 53
9 15
9 10
9 0
9 43
9 50
9 35
9 23
9 37
9 40
9 39
9 64
9 5
9 25
9 24
9 18
9 6
9 36
9 49
9 20
9 48
9 19
9 76
9 17
9 1
9 11
9 47
9 8
9 21
9 54
9 41
9 12
9 3
9 32
9 16
9 45
9 27
9 14
9 33
9 44
9 42
9 51
9 52
9 38
9 55
9 29
62 90
62 93
62 91
62 94
62 73
62 100
62 66
62 81
62 98
62 76
62 99
62 84
62 97
62 74
62 87
62 79
62 82
62 96
62 83
62 86
62 75
62 30
62 88
62 89
62 101
62 72
3 42
3 53
3 57
3 4
3 43
3 37
3 52
3 38
3 49
3 54
3 44
3 10
3 39
3 17
3 20
3 13
3 26
3 11
3 40
3 24
3 16
3 45
3 15
3 5
3 1
3 21
3 8
3 0
3 33
3 12
3 41
3 23
3 27
3 9
3 14
3 19
3 18
3 47
3 22
3 25
60 86
60 73
60 94
60 75
60 76
60 66
60 97
60 79
60 84
60 96
60 83
60 99
60 74
60 100
60 87
60 82
60 89
60 30
60 88
60 72
60 101
60 93
60 90
1 7
1 8
1 5
1 29
1 22
1 21
1 14
1 10
1 6
1 19
1 13
1 27
1 3
1 16
1 9
1 15
1 25
1 12
1 18
1 17
1 26
1 20
1 23
1 11
1 24
84 59
84 71
84 53
84 61
84 93
84 58
84 91
84 64
84 90
84 31
84 85
84 95
84 92
84 77
84 67
84 96
84 100
84 97
84 88
84 82
84 72
84 101
84 7
84 66
84 79
84 75
84 62
84 63
84 4
84 73
84 60
84 30
84 89
84 74
84 99
84 70
84 28
84 87
84 81
84 86
84 78
84 49
84 76
84 83
84 94
84 80
72 98
72 68
72 83
72 81
72 53
72 60
72 61
72 101
72 64
72 95
72 67
72 93
72 96
72 73
72 7
72 66
72 92
72 79
72 78
72 49
72 91
72 62
72 75
72 88
72 71
72 100
72 84
72 30
72 89
72 82
72 74
72 86
72 76
72 31
72 90
72 28
72 87
72 97
72 80
72 85
72 70
72 99
72 94
72 77
13 50
13 22
13 49
13 46
13 48
13 25
13 20
13 16
13 18
13 21
13 0
13 36
13 26
13 10
13 41
13 43
13 35
13 6
13 23
13 54
13 12
13 38
13 11
13 40
13 24
13 53
13 55
13 3
13 32
13 47
13 8
13 37
13 29
13 42
13 5
13 33
13 19
13 27
13 15
13 44
13 17
13 39
13 14
13 45
13 1
27 41
27 52
27 50
27 12
27 29
27 39
27 23
27 19
27 35
27 25
27 14
27 48
27 33
27 20
27 0
27 9
27 22
27 53
27 24
27 16
27 45
27 3
27 32
27 18
27 47
27 44
27 15
27 11
27 40
27 37
27 8
27 17
27 46
27 13
27 42
27 10
27 26
27 49
27 21
27 1
27 36
27 43
27 5
86 60
86 102
86 96
86 95
86 49
86 93
86 75
86 74
86 92
86 88
86 94
86 67
86 61
86 99
86 91
86 71
86 101
86 72
86 58
86 73
86 76
86 90
86 31
86 98
86 87
86 28
86 89
86 30
86 83
86 100
86 84
86 62
86 4
86 85
86 81
86 97
86 64
86 82
86 53
86 80
86 79
86 78
86 70
86 66
86 7
86 77
23 33
23 32
23 54
23 21
23 10
23 27
23 38
23 15
23 39
23 18
23 42
23 55
23 20
23 36
23 6
23 35
23 19
23 13
23 0
23 3
23 5
23 44
23 12
23 41
23 8
23 37
23 47
23 46
23 17
23 40
23 11
23 22
23 14
23 43
23 45
23 16
23 24
23 1
23 26
23 9
23 25
82 98
82 80
82 67
82 101
82 53
82 94
82 99
82 92
82 78
82 74
82 95
82 97
82 91
82 4
82 62
82 100
82 71
82 68
82 88
82 96
82 90
82 31
82 60
82 30
82 89
82 84
82 49
82 72
82 87
82 28
82 86
82 93
82 85
82 66
82 7
82 73
82 75
82 77
82 70
82 76
82 81
82 79
82 58
82 83
37 38
37 34
37 39
37 33
37 17
37 42
37 46
37 36
37 12
37 41
37 16
37 45
37 10
37 32
37 3
37 24
37 11
37 40
37 8
37 21
37 47
37 14
37 43
37 27
37 13
37 22
37 54
37 23
37 26
37 55
37 6
37 35
37 9
37 20
37 19
37 44
37 15
96 85
96 95
96 93
96 86
96 74
96 64
96 102
96 81
96 70
96 99
96 80
96 98
96 100
96 71
96 66
96 88
96 62
96 91
96 82
96 73
96 60
96 30
96 89
96 90
96 31
96 84
96 67
96 92
96 101
96 72
96 94
96 83
96 76
96 75
96 87
96 28
96 79
8 58
8 25
8 53
8 50
8 1
8 52
8 16
8 55
8 5
8 36
8 49
8 39
8 57
8 54
8 6
8 46
8 32
8 3
8 44
8 43
8 14
8 13
8 42
8 26
8 23
8 21
8 47
8 18
8 9
8 38
8 35
8 22
8 24
8 11
8 40
8 12
8 41
8 20
8 45
8 27
8 10
8 37
8 33
8 48
8 29
47 52
47 35
47 44
47 25
47 15
47 18
47 29
47 46
47 26
47 24
47 50
47 9
47 38
47 11
47 40
47 37
47 8
47 20
47 49
47 33
47 12
47 41
47 14
47 43
47 27
47 10
47 39
47 23
47 13
47 42
47 17
47 22
47 45
47 32
47 3
47 36
47 48
47 54
47 6
47 21
74 100
74 93
74 96
74 101
74 95
74 86
74 81
74 77
74 76
74 64
74 68
74 94
74 49
74 70
74 99
74 67
74 80
74 58
74 28
74 87
74 84
74 92
74 4
74 63
74 7
74 66
74 73
74 60
74 90
74 31
74 89
74 30
74 88
74 59
74 62
74 91
74 72
74 79
74 83
74 85
74 71
74 78
74 75
74 98
74 82
74 97
15 35
15 36
15 9
15 21
15 19
15 23
15 39
15 10
15 33
15 40
15 11
15 1
15 14
15 54
15 25
15 6
15 12
15 41
15 17
15 46
15 3
15 32
15 13
15 24
15 18
15 47
15 0
15 27
15 38
15 5
15 26
15 22
15 44
15 20
15 37
16 20
16 24
16 13
16 33
16 14
16 25
16 23
16 21
16 12
16 1
16 55
16 26
16 3
16 11
16 8
16 37
16 17
16 0
16 27
16 38
16 9
16 22
16 39
16 10
16 35
16 6
16 19
16 18
16 5
75 98
75 19
75 78
75 64
75 80
75 92
75 86
75 96
75 60
75 49
75 91
75 83
75 100
75 88
75 68
75 79
75 74
75 76
75 95
75 82
75 53
75 62
75 4
75 101
75 72
75 73
75 71
75 97
75 84
75 58
75 67
75 66
75 7
75 94
75 90
75 31
75 30
75 89
75 77
75 87
75 28
75 99
75 70
75 93
75 81
75 85
22 25
22 46
22 7
22 13
22 35
22 1
22 19
22 12
22 15
22 29
22 11
22 3
22 32
22 41
22 43
22 14
22 17
22 50
22 21
22 6
22 27
22 53
22 24
22 5
22 44
22 47
22 18
22 8
22 37
22 40
22 26
22 23
22 39
22 42
22 20
22 16
22 45
22 54
22 33
22 0
5 31
5 21
5 6
5 19
5 24
5 11
5 13
5 85
5 26
5 71
5 12
5 10
5 23
5 22
5 16
5 3
5 25
5 18
5 14
5 9
5 7
5 15
5 27
5 17
5 20
5 8
5 4
5 28
5 1
5 30
5 29
5 58
30 51
30 104
30 50
30 60
30 5
30 64
30 52
30 92
30 6
30 65
30 85
30 72
30 69
30 95
30 98
30 49
30 87
30 101
30 88
30 83
30 89
30 63
30 4
30 62
30 82
30 76
30 93
30 84
30 100
30 74
30 86
30 99
30 70
30 73
30 67
30 96
30 58
30 97
30 68
30 75
30 78
30 79
30 66
30 7
30 77
30 80
30 31
30 90
53 8
53 66
53 3
53 9
53 44
53 35
53 14
53 72
53 26
53 84
53 39
53 20
53 49
53 11
53 40
53 27
53 22
53 31
53 83
53 25
53 41
53 12
53 77
53 13
53 42
53 86
53 45
53 82
53 75
49 45
49 57
49 64
49 70
49 11
49 65
49 80
49 87
49 52
49 69
49 90
49 31
49 41
49 71
49 12
49 84
49 47
49 76
49 85
49 86
49 27
49 13
49 72
49 73
49 14
49 82
49 53
49 48
49 77
49 68
49 9
49 66
49 8
49 92
49 78
49 91
49 20
49 79
49 50
49 3
49 30
49 89
49 74
49 24
49 83
49 75
49 88
20 58
20 31
20 52
20 53
20 25
20 12
20 16
20 24
20 10
20 15
20 18
20 5
20 13
20 43
20 39
20 29
20 11
20 9
20 22
20 76
20 17
20 46
20 41
20 23
20 26
20 0
20 8
20 37
20 47
20 42
20 3
20 32
20 44
20 40
20 50
20 21
20 45
20 54
20 14
20 1
20 35
20 19
20 48
20 33
20 49
20 57
20 27
79 94
79 78
79 91
79 96
79 70
79 85
79 98
79 73
79 68
79 92
79 97
79 77
79 88
79 74
79 67
79 86
79 90
79 31
79 30
79 89
79 60
79 66
79 7
79 72
79 101
79 99
79 75
79 62
79 4
79 84
79 28
79 87
79 58
79 82
79 71
79 100
79 80
79 83
79 93
79 49
79 81
79 76
73 68
73 61
73 49
73 78
73 81
73 60
73 85
73 59
73 70
73 88
73 79
73 77
73 62
73 101
73 86
73 7
73 66
73 95
73 94
73 98
73 100
73 71
73 74
73 75
73 84
73 96
73 67
73 83
73 90
73 31
73 89
73 30
73 97
73 72
73 4
73 63
73 92
73 93
73 64
73 82
73 91
73 99
73 28
73 87
73 58
73 76
14 25
14 53
14 51
14 50
14 46
14 1
14 54
14 38
14 27
14 42
14 49
14 35
14 16
14 13
14 52
14 0
14 43
14 17
14 7
14 55
14 41
14 20
14 5
14 64
14 12
14 15
14 44
14 3
14 32
14 40
14 11
14 24
14 47
14 77
14 18
14 8
14 37
14 6
14 65
14 36
14 85
14 26
14 39
14 69
14 10
14 45
14 33
14 68
14 9
14 48
14 19
14 29
14 58
14 23
14 21
14 22
44 46
44 34
44 55
44 38
44 53
44 29
44 45
44 43
44 35
44 36
44 11
44 40
44 24
44 14
44 27
44 12
44 41
44 10
44 39
44 23
44 33
44 20
44 8
44 37
44 9
44 22
44 54
44 25
44 32
44 3
44 17
44 26
44 21
44 13
44 42
44 6
44 18
44 47
44 15
40 55
40 38
40 46
40 32
40 17
40 43
40 21
40 9
40 45
40 41
40 12
40 29
40 35
40 6
40 44
40 15
40 8
40 37
40 47
40 18
40 13
40 42
40 26
40 24
40 53
40 14
40 20
40 10
40 39
40 3
40 33
40 22
40 25
40 54
40 23
40 27
40 11
40 36
99 94
99 31
99 70
99 98
99 58
99 91
99 88
99 71
99 86
99 97
99 64
99 85
99 72
99 92
99 60
99 76
99 84
99 95
99 79
99 74
99 100
99 59
99 89
99 30
99 63
99 4
99 62
99 77
99 66
99 7
99 83
99 81
99 87
99 28
99 73
99 67
99 96
99 80
99 93
99 78
99 82
99 75
11 58
11 52
11 48
11 57
11 25
11 49
11 35
11 24
11 7
11 53
11 0
11 19
11 20
11 38
11 22
11 54
11 1
11 6
11 55
11 36
11 39
11 17
11 46
11 9
11 15
11 44
11 8
11 37
11 21
11 50
11 12
11 41
11 45
11 16
11 13
11 42
11 26
11 3
11 32
11 18
11 47
11 14
11 43
11 33
11 27
11 5
11 10
11 23
11 40
11 29
31 5
31 6
31 19
31 78
31 98
31 2
31 0
31 95
31 57
31 4
31 66
31 7
31 99
31 49
31 48
31 77
31 94
31 83
31 75
31 88
31 89
31 30
31 20
31 79
31 53
31 82
31 76
31 72
31 86
31 73
31 28
31 87
31 58
31 74
31 100
31 71
31 96
31 67
31 84
31 90
31 93
31 97
31 70
31 80
31 92
31 91
36 35
36 15
36 44
36 37
36 8
36 32
36 33
36 27
36 54
36 12
36 24
36 38
36 9
36 23
36 18
36 47
36 13
36 42
36 11
36 40
36 43
36 14
36 46
36 17
36 10
36 39
36 55
36 26
36 45
4 78
4 76
4 79
4 75
4 12
4 99
4 70
4 6
4 93
4 67
4 80
4 30
4 82
4 86
4 7
4 83
4 84
4 25
4 10
4 74
4 2
4 31
4 5
4 0
4 58
4 29
4 91
4 18
4 77
4 73
4 3
33 23
33 37
33 35
33 32
33 34
33 19
33 21
33 55
33 36
33 9
33 38
33 6
33 44
33 15
33 40
33 11
33 14
33 43
33 24
33 3
33 17
33 46
33 8
33 47
33 18
33 12
33 41
33 26
33 10
33 39
33 13
33 42
33 45
33 16
33 54
33 20
33 22
33 27
39 42
39 43
39 37
39 45
39 19
39 35
39 34
39 27
39 23
39 54
39 15
39 44
39 22
39 55
39 26
39 3
39 32
39 36
39 10
39 47
39 18
39 11
39 40
39 24
39 53
39 14
39 25
39 12
39 41
39 13
39 46
39 17
39 6
39 16
39 9
39 33
39 8
39 21
39 20
101 61
101 98
101 97
101 74
101 66
101 87
101 62
101 91
101 72
101 76
101 73
101 100
101 83
101 96
101 84
101 75
101 59
101 30
101 88
101 86
101 89
101 60
101 81
101 94
101 79
101 93
101 82
42 39
42 43
42 3
42 32
42 20
42 9
42 22
42 35
42 10
42 36
42 11
42 40
42 53
42 24
42 47
42 8
42 37
42 13
42 26
42 25
42 54
42 27
42 17
42 46
42 33
42 14
42 23
42 44
42 45
42 41
42 12
42 21
42 29
83 100
83 95
83 72
83 78
83 98
83 92
83 4
83 53
83 75
83 96
83 74
83 31
83 60
83 97
83 68
83 84
83 67
83 80
83 89
83 30
83 88
83 99
83 70
83 86
83 73
83 62
83 91
83 101
83 93
83 71
83 82
83 66
83 7
83 94
83 81
83 79
83 58
83 76
83 49
83 77
24 26
24 11
24 48
24 20
24 46
24 43
24 16
24 52
24 45
24 1
24 27
24 19
24 50
24 18
24 32
24 21
24 33
24 6
24 35
24 36
24 49
24 44
24 15
24 12
24 41
24 39
24 10
24 13
24 42
24 8
24 37
24 40
24 14
24 3
24 17
24 22
24 25
24 54
24 5
24 0
24 9
24 38
24 55
24 47
24 23
26 53
26 24
26 50
26 39
26 19
26 54
26 29
26 13
26 15
26 10
26 45
26 18
26 22
26 41
26 12
26 5
26 33
26 20
26 7
26 36
26 14
26 43
26 40
26 11
26 8
26 37
26 17
26 46
26 42
26 3
26 32
26 16
26 35
26 27
26 1
26 0
26 44
26 21
26 47
26 23
26 25
45 39
45 50
45 46
45 43
45 44
45 49
45 25
45 42
45 48
45 9
45 52
45 23
45 17
45 12
45 41
45 14
45 27
45 47
45 8
45 37
45 21
45 10
45 11
45 40
45 3
45 32
45 20
45 33
45 36
45 54
45 22
45 53
45 24
45 13
45 35
45 26
45 29
10 23
10 56
10 0
10 50
10 36
10 46
10 9
10 7
10 34
10 20
10 4
10 1
10 43
10 18
10 29
10 13
10 26
10 37
10 8
10 35
10 6
10 15
10 44
10 12
10 41
10 40
10 11
10 47
10 16
10 45
10 55
10 3
10 32
10 19
10 21
10 33
10 39
10 14
10 24
10 42
10 27
10 38
10 54
10 25
10 5
10 17
38 37
38 15
38 44
38 32
38 3
38 24
38 16
38 55
38 10
38 35
38 6
38 9
38 18
38 47
38 13
38 12
38 41
38 8
38 36
38 11
38 40
38 46
38 17
38 33
38 14
38 43
38 23
38 54
38 19
38 21
97 101
97 61
97 85
97 93
97 64
97 88
97 67
97 72
97 83
97 70
97 99
97 66
97 95
97 76
97 86
97 73
97 75
97 62
97 84
97 80
97 30
97 89
97 60
97 90
97 31
97 82
97 74
97 28
97 87
97 71
97 79
97 94
97 92
97 98
21 54
21 23
21 38
21 50
21 15
21 12
21 35
21 33
21 1
21 42
21 55
21 29
21 13
21 0
21 14
21 43
21 41
21 10
21 39
21 18
21 47
21 6
21 45
21 16
21 37
21 8
21 11
21 40
21 9
21 3
21 32
21 5
21 24
21 19
21 17
21 46
21 26
21 44
21 27
21 20
21 25
21 22
17 37
17 38
17 29
17 46
17 5
17 6
17 55
17 50
17 40
17 10
17 39
17 18
17 19
17 47
17 33
17 9
17 22
17 11
17 16
17 45
17 3
17 32
17 0
17 26
17 15
17 44
17 25
17 54
17 12
17 41
17 24
17 1
17 20
17 27
17 36
17 13
17 42
17 43
17 14
17 21
17 23
59 101
59 93
59 84
59 100
59 74
59 73
59 99
35 15
35 43
35 36
35 6
35 34
35 33
35 20
35 41
35 12
35 54
35 25
35 45
35 16
35 32
35 42
35 13
35 23
35 10
35 39
35 26
35 40
35 11
35 24
35 53
35 8
35 37
35 38
35 9
35 14
35 27
35 47
35 22
35 44
35 21
35 46
43 42
43 35
43 14
43 32
43 3
43 17
43 46
43 13
43 26
43 37
43 8
43 11
43 40
43 41
43 12
43 22
43 33
43 21
43 47
43 29
43 27
43 23
43 20
43 10
43 39
43 24
43 9
43 38
43 44
43 45
43 36
32 23
32 33
32 42
32 29
32 39
32 54
32 14
32 43
32 27
32 6
32 35
32 10
32 11
32 40
32 37
32 8
32 12
32 41
32 9
32 38
32 22
32 47
32 18
32 17
32 46
32 24
32 44
32 15
32 21
32 26
32 55
32 13
32 20
32 45
32 36
66 53
66 61
66 58
66 65
66 81
66 77
66 94
66 95
66 101
66 83
66 91
66 71
66 52
66 69
66 79
66 80
66 96
66 67
66 88
66 72
66 99
66 70
66 73
66 86
66 30
66 89
66 60
66 76
66 97
66 84
66 74
66 100
66 64
66 93
66 31
66 90
66 92
66 78
66 49
66 85
66 98
66 82
66 28
66 87
66 75
66 62
88 98
88 80
88 78
88 81
88 73
88 94
88 85
88 76
88 101
88 72
88 62
88 91
88 71
88 100
88 84
88 96
88 67
88 60
88 74
88 82
88 30
88 66
88 87
88 28
88 86
88 31
88 90
88 70
88 99
88 79
88 83
88 97
88 64
88 93
88 92
88 75
88 49
